3DSSPPBATCHFILE #
COM Generated by Batchmaker. #
AUT 1 #
DES 0 "Row 0" "" "" "" #
ANT 0 0 0.0 0.0 #
JOA 0 1 2 3 4 5 6 7 8 9 10 11 12 13 14 15 16 17 18 19 20 21 22 23 24 25 26 27 28 29 30 31 32 33 34 35 36 37 38 39 -50 41 #
HAN 15.5 -20.0 85.0 22.2 -15.0 80.0 #
HCL 11.1 22.2 33.3 44.4 55.5 66.6 #
HCR 11.9 22.9 33.9 44.9 55.9 66.9 #
DES 0 "Row 1" "" "" "" #
ANT 1 3 142.0 90.0 #
JOA 90 0 0 90 0 90 -45 -20 15 90 -75 -90 -75 90 0 90 0 0 90 0 90 -45 -20 15 90 -75 -90 -75 90 0 0 0 0 0 0 0 0 90 0 0 0 0 #
HAN 15.5 -20.0 85.0 22.2 -15.0 80.0 #
HCL 11.1 22.2 33.3 44.4 55.5 66.6 #
HCR 11.9 22.9 33.9 44.9 55.9 66.9 #
